N = 2
navg = 20
seed = 111113161
B = 5.000000000
L = 10.0000000000
dt = 0.0000050000
tsamp = 0.0050000000
nprint = 500
