N = 1
navg = 4000
seed = 132323161
B = 0.000000000
L = 10.0000000000
dt = 0.0000010000
tsamp = 0.00050000000
nprint = 4000
